0000000001111011
0110000000000000
1110110000010000
0000000000010110
1110001100001000
0100000000000000
1110110000010000
0000000000010010
1110001100001000
0110000000000000
1111110000010000
0000000000010011
1110001100001000
0000000000010001
1110101010001000
0000000111001000
0000000000010100
1110001100000101
0000000000010110
1110101010000111
0000000000010001
1111110001001000
0000000000010001
1111110000010000
0000000000010010
1111110000100000
1110001100001000
0000000000010010
1111110111001000
1111110000010000
0000000000010110
1111010011010000
0000000000100100
1110001100000010
0000000000010110
1110101010000111
0110000000000000
1111110000010000
0000000000010011
1111010011010000
0000000000000101
1110001100000101
0000000000100100
1110101010000111
